                 0                 50                 49               1660               
                 0                 50                365               1700               
                 0                 50                600               1720               
                 0                 50                770               1720               
                 0                 50                897               1714               
                 0                 50               1044               1739               
                 0                 50               1107               1745               
                 0                 50               1234               1769               
                 0                 50               1309               1774               
                 0                 50               1434               1792               
                 0                 50               1581               1869               
                 0                 50               1755               1980               
                 0                 50               1971               2154               
                 0                 50               2077               2214               
                 0                 50               2176               2265               
                 0                 50               2526               2440               
                 0                 50               2734               2495               
                 0                 50               2945               2561               
                 0                 50               3847               3000               
                 0                100                 62               1635               
                 0                100                372               1665               
                 0                100                561               1690               
                 0                100                744               1704               
                 0                100                889               1715               
                 0                100               1032               1735               
                 0                100               1142               1754               
                 0                100               1223               1756               
                 0                100               1386               1785               
                 0                100               1560               1889               
                 0                100               1749               2030               
                 0                100               2085               2260               
                 0                100               2175               2310               
                 0                100               2660               2580               
                 0                100               3776               3080               
                 0                150                 59               1650               
                 0                150                360               1680               
                 0                150                580               1685               
                 0                150                752               1715               
                 0                150                860               1720               
                 0                150               1000               1740               
                 0                150               1354               1795               
                 0                150               1531               1899               
                 0                150               1737               2014               
                 0                150               1961               2179               
                 0                150               2080               2265               
                 0                150               2187               2315               
                 0                150               2534               2469               
                 0                150               2710               2640               
                 0                150               3708               3095               
                 0                200                 28               1634               
                 0                200                305               1659               
                 0                200                453               1660               
                 0                200                534               1669               
                 0                200                679               1684               
                 0                200                773               1710               
                 0                200                883               1725               
                 0                200                954               1730               
                 0                200               1125               1754               
                 0                200               1319               1779               
                 0                200               1504               1876               
                 0                200               1703               2004               
                 0                200               1975               2199               
                 0                200               2082               2265               
                 0                200               2183               2325               
                 0                200               2426               2464               
                 0                200               2576               2534               
                 0                200               2679               2585               
                 0                200               2954               2704               
                 0                200               3812               3040               
                 0                250                 29               1600               
                 0                250                353               1654               
                 0                250                410               1670               
                 0                250                586               1690               
                 0                250                687               1700               
                 0                250                861               1735               
                 0                250                988               1744               
                 0                250               1126               1749               
                 0                250               1233               1760               
                 0                250               1421               1870               
                 0                250               1498               1919               
                 0                250               1639               2015               
                 0                250               1950               2204               
                 0                250               2048               2285               
                 0                250               2171               2345               
                 0                250               2328               2469               
                 0                250               2498               2555               
                 0                250               2640               2629               
                 0                250               2969               2759               
                 0                250               3132               2804               
                 0                250               3881               2960               
                 0                300                 26               1499               
                 0                300                330               1620               
                 0                300                474               1655               
                 0                300                587               1675               
                 0                300                762               1719               
                 0                300               1014               1739               
                 0                300               1127               1779               
                 0                300               1334               1900               
                 0                300               1546               2030               
                 0                300               1832               2270               
                 0                300               1969               2365               
                 0                300               2154               2445               
                 0                300               2354               2577               
                 0                300               2567               2660               
                 0                300               2806               2734               
                 0                300               3080               2820               
                 0                300               3305               2895               
                 0                300               3780               3120               
                 0                350                 25               1525               
                 0                350                256               1609               
                 0                350                393               1655               
                 0                350                562               1695               
                 0                350                683               1714               
                 0                350                837               1729               
                 0                350                956               1755               
                 0                350               1162               1865               
                 0                350               1356               1975               
                 0                350               1439               2094               
                 0                350               1592               2179               
                 0                350               1706               2225               
                 0                350               1860               2315               
                 0                350               2088               2455               
                 0                350               2222               2555               
                 0                350               2422               2724               
                 0                350               2587               2814               
                 0                350               3041               3055               
                 0                350               3589               3395               
                 0                400                 20               1575               
                 0                400                361               1665               
                 0                400                453               1674               
                 0                400                544               1694               
                 0                400                643               1714               
                 0                400                774               1745               
                 0                400                943               1845               
                 0                400               1110               1955               
                 0                400               1212               2099               
                 0                400               1293               2154               
                 0                400               1393               2199               
                 0                400               1538               2280               
                 0                400               1714               2375               
                 0                400               1879               2454               
                 0                400               2028               2539               
                 0                400               2240               2635               
                 0                400               2577               2775               
                 0                400               3052               3034               
                 0                400               3576               3205               
                 0                450                 39               1635               
                 0                450                367               1755               
                 0                450                463               1799               
                 0                450                599               1865               
                 0                450                935               2145               
                 0                450               1046               2205               
                 0                450               1155               2229               
                 0                450               1340               2290               
                 0                450               1433               2329               
                 0                450               1586               2365               
                 0                450               1793               2529               
                 0                450               2081               2805               
                 0                450               2209               2880               
                 0                450               2710               3254               
                 0                450               3758               3870               
                 0                500                 36               1570               
                 0                500                347               1697               
                 0                500                436               1760               
                 0                500                559               1840               
                 0                500                672               1899               
                 0                500                828               1984               
                 0                500               1066               2150               
                 0                500               1269               2237               
                 0                500               1484               2262               
                 0                500               1605               2274               
                 0                500               1705               2317               
                 0                500               1953               2462               
                 0                500               2089               2616               
                 0                500               2286               2830               
                 0                500               2530               2964               
                 0                500               2750               3084               
                 0                500               3775               3465               
                 0                550                 22               1754               
                 0                550                507               2012               
                 0                550                677               2075               
                 0                550                879               2150               
                 0                550               1099               2219               
                 0                550               1256               2310               
                 0                550               1478               2412               
                 0                550               1702               2492               
                 0                550               2132               2630               
                 0                550               2475               2755               
                 0                550               3154               3004               
                 0                550               3797               3217               
                 0                600                 63               1899               
                 0                600                426               2055               
                 0                600                618               2155               
                 0                600                720               2184               
                 0                600                904               2210               
                 0                600               1143               2277               
                 0                600               1426               2422               
                 0                600               1592               2655               
                 0                600               1735               2849               
                 0                600               1934               3192               
                 0                600               2498               3746               
                 0                600               3550               4554               
                 0                650                 47               1579               
                 0                650                251               1630               
                 0                650                367               1672               
                 0                650                513               1739               
                 0                650                623               1809               
                 0                650               1000               2182               
                 0                650               1148               2332               
                 0                650               1464               2564               
                 0                650               1974               2944               
                 0                650               2678               3416               
                 0                650               3792               4020               
                 0                700                 28               1600               
                 0                700                342               1637               
                 0                700                456               1672               
                 0                700                539               1714               
                 0                700                631               1770               
                 0                700                790               1880               
                 0                700                937               1965               
                 0                700               1030               2008               
                 0                700               1324               2125               
                 0                700               1512               2270               
                 0                700               1630               2345               
                 0                700               1920               2487               
                 0                700               2130               2702               
                 0                700               2271               2880               
                 0                700               2781               3255               
                 0                700               3537               3785               
                 0                750                 41               1555               
                 0                750                243               1604               
                 0                750                375               1650               
                 0                750                487               1695               
                 0                750                553               1740               
                 0                750                740               1880               
                 0                750                885               1950               
                 0                750                970               2005               
                 0                750               1230               2150               
                 0                750               1347               2230               
                 0                750               1507               2340               
                 0                750               1627               2445               
                 0                750               1834               2555               
                 0                750               2038               2679               
                 0                750               2399               2840               
                 0                750               2982               3185               
                 0                750               3860               3640               
                 0                800                 50               1520               
                 0                800                344               1650               
                 0                800                454               1715               
                 0                800                553               1775               
                 0                800                714               1885               
                 0                800                877               1980               
                 0                800                967               2015               
                 0                800               1134               2095               
                 0                800               1271               2185               
                 0                800               1348               2244               
                 0                800               1471               2315               
                 0                800               1576               2395               
                 0                800               1677               2509               
                 0                800               1794               2589               
                 0                800               1931               2729               
                 0                800               2152               2969               
                 0                800               2241               3029               
                 0                800               2828               3394               
                 0                800               3052               3515               
                 0                800               3583               3755               
                 0                850                 36               1485               
                 0                850                219               1589               
                 0                850                333               1660               
                 0                850                441               1780               
                 0                850                624               1904               
                 0                850                831               1994               
                 0                850                943               2045               
                 0                850               1111               2115               
                 0                850               1242               2210               
                 0                850               1351               2285               
                 0                850               1581               2475               
                 0                850               1727               2614               
                 0                850               1916               2779               
                 0                850               2149               2975               
                 0                850               2525               3200               
                 0                850               2929               3415               
                 0                850               3793               3925               
                 0                900                155               1929               
                 0                900                426               1970               
                 0                900                580               1979               
                 0                900                720               2000               
                 0                900                817               2025               
                 0                900               1001               2037               
                 0                900               1149               2075               
                 0                900               1256               2130               
                 0                900               1420               2225               
                 0                900               1560               2295               
                 0                900               1642               2330               
                 0                900               1715               2390               
                 0                900               1804               2445               
                 0                900               1963               2504               
                 0                900               2130               2555               
                 0                900               2500               2624               
                 0                900               2875               2684               
                 0                900               3648               2769               
